-0.01, -32.93267207147972, 2.9473722371451294, -27.389958810518426, -36.40821654913653
-0.0092, -27.140151056108632, 3.5533580708511163, -23.078865444145034, -33.47097961556425
-0.0084, -22.907067809026543, 3.4608636467828466, -19.80525344106824, -30.85984413354598
-0.0076, -19.52317187601372, 3.059709860653634, -17.16677871703373, -28.125911742999477
-0.0068000000000000005, -16.75926172580529, 2.5809636235029934, -14.907774822425099, -25.243405805948708
-0.006, -14.363759258292221, 2.134685236830215, -12.815612624898009, -33.45494082205021
-0.0052, -12.132008178005547, 1.7194528500528463, -10.785268020548513, -32.671490632675194
-0.0044, -9.97991259653366, 1.3090188080733545, -8.787913119415249, -28.207522888622464
-0.0036, -7.888674568304198, 0.9414240694844711, -6.813232959678706, -23.17005477197437
-0.0027999999999999995, -5.839974643632664, 0.6193896999993, -4.854244563456496, -17.503655087566507
-0.002, -3.8168253761796103, 0.35031720488169665, -2.8882102985850615, -11.782914259668154
-0.0011999999999999997, -1.7546805808798396, 0.19031266575909894, -0.9021536992657548, -5.594492584650569
-0.0003999999999999993, -0.002374491844288908, 0.39163948638366963, 3.1284885759408017, -2.979795071026028
0.00040000000000000105, 1.7640438606011257, 0.18764642140470603, 5.616345181791592, 0.9584110372459186
0.0011999999999999997, 3.821960568764715, 0.3451711416055277, 11.780757182410161, 2.8960704989957935
0.002, 5.8401986385528275, 0.5916164523286156, 17.415708093513835, 4.841274463057293
0.0028000000000000004, 7.888525671856689, 0.9135416496985225, 23.141244547556784, 6.797835596364272
0.0036000000000000008, 9.986937708521204, 1.3034567111890547, 28.00407516723186, 8.77313369222627
0.004400000000000001, 12.139027995394736, 1.7113717715742451, 32.48745440138424, 10.774935432776628
0.0052, 14.376808261247861, 2.1351121964432855, 36.605670509069, 12.809057591314964
0.006, 16.77644531759435, 2.591107714593851, 25.249279913405722, 14.895521544917447
0.006800000000000002, 19.547571980349527, 3.069274432908132, 27.979166136055586, 17.155377279916006
0.007600000000000001, 22.942876605359753, 3.4779536185958984, 30.9401941175132, 19.791101768574023
0.0084, 27.19578768933253, 3.562508622231008, 33.53837678287392, 23.0752014050402
0.009200000000000002, 32.99797693682409, 2.9427607244383975, 36.31927147789605, 27.425595851327778
