-0.075, NaN, NaN, NaN, NaN
-0.06999999999999999, NaN, NaN, NaN, NaN
-0.065, -152.71714251725595, 11.309024508506285, -138.76073741029376, -176.69367717472116
-0.06, -153.68490385127336, 13.886834570609444, -143.959706951529, -199.88232267238706
-0.05499999999999999, -164.78091508875409, 33.18159531224414, -129.69645930678402, -222.37436873698928
-0.049999999999999996, -205.4916339316849, 17.892485417133297, -176.33634635918347, -240.43332498856844
-0.045, -219.6381755778893, 10.602004720162457, -210.49076263938215, -251.4987571330204
-0.039999999999999994, -231.7489740528729, 7.999752679970901, -98.34445986946375, -257.9860856416367
-0.034999999999999996, -244.3407631995696, 9.932516535149587, -95.05186862650038, -265.25641984719414
-0.03, -250.73687438204124, 16.997034900435093, -73.83225022547948, -275.264036279778
-0.024999999999999994, -238.6519332758709, 34.85781168957227, -64.36128615246167, -282.93092165000087
-0.019999999999999997, -205.87133404492897, 73.07650290222463, -57.07727077518367, -284.85008295734536
-0.015, -123.82223798853713, 102.49842572074485, -28.647749074783764, -275.48202122079186
-0.009999999999999995, -81.6206453165568, 88.42237332867273, -14.265431561724059, -266.4366130018579
-0.0049999999999999906, -3.5657966708414905, 4.385101497536012, 1.325518194285026, -16.23948579876682
0, 3.0782379651798846, 4.5605634536779, 17.784910351630085, -1.2529904605511246
0.0050000000000000044, 65.8279659941484, 80.71262222612825, 272.8494850165077, 15.187643820749527
0.010000000000000009, 105.6228220884419, 96.17060792688764, 278.54789208514023, 28.58481658853703
0.015, 194.38782622876522, 83.62957895329372, 288.4652816502815, 54.31508742696424
0.020000000000000004, 239.92369335488334, 43.049494451936035, 286.2416409665474, 70.95099661921817
0.02500000000000001, 250.86206439684187, 20.712366219011642, 278.92135345916626, 81.79592238620384
0.03, 244.85753525522574, 11.169004388123476, 271.2720257056596, 88.3698163934729
0.035, 234.0490138994034, 9.909165478043708, 261.38529700752287, 109.2707830365347
0.04000000000000001, 224.08295215807968, 12.753440852715684, 255.4535620963694, 210.3851875944324
0.045, 216.85584780301738, 11.724231638957264, 245.26552612115515, 197.89091231477082
0.05, 200.0615235967194, 12.948785735765966, 234.5231725476446, 171.39739229404674
0.05500000000000001, 164.44047750987727, 20.02448765986583, 217.37732389116323, 143.09584030573237
0.06000000000000001, 165.35558348460754, 6.79655876093005, 177.96477961602102, 152.07743104065142
0.06500000000000002, NaN, NaN, NaN, NaN
0.06999999999999999, NaN, NaN, NaN, NaN
