-0.075, NaN, NaN, NaN, NaN
-0.06999999999999999, NaN, NaN, NaN, NaN
-0.065, NaN, NaN, NaN, NaN
-0.06, -169.2177913852433, 20.037452340948583, -145.22523035177872, -197.14468019466756
-0.05499999999999999, -162.99317353744013, 16.9486364581123, -137.70721140604735, -254.39767254370966
-0.049999999999999996, -153.56254615116498, 14.82783232715184, -124.98768507498953, -283.77118675553066
-0.045, -144.72215449536156, 17.58734579312058, -106.5019734136735, -293.38488958684906
-0.039999999999999994, -145.90549356223013, 39.364600274237866, -89.90140491374328, -311.4063827534354
-0.034999999999999996, -145.22109253931305, 64.12024219139093, -78.02893423733713, -316.0737366572654
-0.03, -165.64737565929764, 76.43629302833826, -70.57717625090277, -321.9891443839161
-0.024999999999999994, -184.20267345433334, 85.95322455608452, -66.41446618368106, -315.4255386874243
-0.019999999999999997, -256.2258533270212, 39.13762702917363, -72.18480475352153, -336.18132039114175
-0.015, -159.14621312784774, 116.06389726665952, -28.634367610434342, -347.6828770480674
-0.009999999999999995, -113.55467492642711, 114.47084293718312, -14.264197354154412, -342.8191050153951
-0.0049999999999999906, -7.77512291557265, 9.846929250446268, 5.738688397322586, -30.5053835299708
0, 7.055434301120498, 10.71355671521578, 33.4369666986505, -5.7449715568308815
0.0050000000000000044, 101.67583202814295, 112.23367061951629, 353.5021762483316, 15.323655917080966
0.010000000000000009, 148.77035700578062, 114.61225482433179, 346.535921739258, 28.56555332113814
0.015, 255.85805058692054, 42.449346551702526, 324.83168645453037, 67.53966908349972
0.020000000000000004, 213.59007787191157, 69.46419156166087, 319.3102151660549, 72.9046276519288
0.02500000000000001, 185.58221427335008, 74.43877678077402, 326.9119755621532, 72.28053675450558
0.03, 165.278843327385, 69.61241558096062, 328.4285560977033, 80.44777118240935
0.035, 151.90333089414327, 44.187194718289945, 317.1833815077221, 93.08349134199604
0.04000000000000001, 146.7035996868715, 19.589642970353594, 306.3820311838258, 109.30773724576161
0.045, 153.61178226072158, 15.24730636627493, 267.2158856369225, 124.90232729485507
0.05, 163.89704964295396, 15.360341958432866, 236.0550770756984, 137.69965979382962
0.05500000000000001, 174.4987364186881, 14.435947381702782, 189.19567656171654, 145.14478223722935
0.06000000000000001, NaN, NaN, NaN, NaN
0.06500000000000002, NaN, NaN, NaN, NaN
0.06999999999999999, NaN, NaN, NaN, NaN
