-0.075, NaN, NaN, NaN, NaN
-0.06999999999999999, NaN, NaN, NaN, NaN
-0.065, NaN, NaN, NaN, NaN
-0.06, NaN, NaN, NaN, NaN
-0.05499999999999999, NaN, NaN, NaN, NaN
-0.049999999999999996, NaN, NaN, NaN, NaN
-0.045, NaN, NaN, NaN, NaN
-0.039999999999999994, NaN, NaN, NaN, NaN
-0.034999999999999996, NaN, NaN, NaN, NaN
-0.03, NaN, NaN, NaN, NaN
-0.024999999999999994, NaN, NaN, NaN, NaN
-0.019999999999999997, NaN, NaN, NaN, NaN
-0.015, 25.89773292132003, 41.48750315700734, 63.74731597469898, -31.72637742314863
-0.009999999999999995, 10.417586446730715, 25.830736306005914, 42.889496733222444, -23.106999699842493
-0.0049999999999999906, 0.15366092878116502, 1.5372838620693847, 16.448483781096527, -2.8162576975521163
0, -0.12260026592541212, 1.5353527938671023, 2.9146896716642265, -16.269888174904224
0.0050000000000000044, -10.306273829126654, 25.937041572064555, 23.0246016606313, -42.80522108573954
0.010000000000000009, -25.503261005924905, 41.491094943615224, 31.785292360484913, -63.65583855790165
0.015, -49.7591582363038, 0, -49.7591582363038, -49.7591582363038
0.020000000000000004, NaN, NaN, NaN, NaN
0.02500000000000001, NaN, NaN, NaN, NaN
0.03, NaN, NaN, NaN, NaN
0.035, NaN, NaN, NaN, NaN
0.04000000000000001, NaN, NaN, NaN, NaN
0.045, NaN, NaN, NaN, NaN
0.05, NaN, NaN, NaN, NaN
0.05500000000000001, NaN, NaN, NaN, NaN
0.06000000000000001, NaN, NaN, NaN, NaN
0.06500000000000002, NaN, NaN, NaN, NaN
0.06999999999999999, NaN, NaN, NaN, NaN
