-180, 8.067281819173063, 2.4924916769946943, 11.684840552526007, -0.02495517654049206
-170, 18.079626200616847, 1.9501289178973535, 22.45593901312837, 16.47102244469204
-160, 27.470245992768092, 1.33051767643345, 31.303089909652677, 26.573068576053565
-150, 34.98608999789899, 0.8690611121364978, 37.69632398577165, 34.446739370312685
-140, 39.99742006124568, 0.46031636792771813, 41.49510775845983, 39.62592839642143
-130, 42.572367312719315, 0.1826305469296966, 43.56191681622088, 42.33980768520117
-120, 43.06759055464547, 0.23316457602316418, 44.43879643970301, 42.52712892142872
-110, 41.93811512633809, 0.39416451316080725, 43.69911901229548, 40.71920425522582
-100, 39.61075022895207, 0.5239057914387781, 41.517532108307414, 37.85937592130176
-90, 36.40772631042606, 0.630236649091993, 38.381542343946094, 34.28944949655904
-80, 32.57323207357789, 0.7294103410765604, 34.710730863910506, 30.175222102857642
-70, 28.317087400674584, 0.825292717874579, 30.376726114479034, 25.705929949756598
-60, 23.830025294606187, 0.9143701704524883, 25.747050262081522, 21.124884860522823
-50, 19.35625284165748, 0.9743521466723429, 21.035363937981153, 16.727219130271543
-40, 15.26481372642037, 0.985409873269913, 18.252875720038364, 12.651968814045048
-30, 11.641073828144297, 1.0732840970715896, 13.230938033546229, 8.546887735337613
-20, 4.427612943616542, 4.3988595080904, 10.286049625235986, -0.9692594144847414
-10, 1.3866401466331684, 3.2734846558677217, 6.796960495699295, -3.6785776481391808
0, -1.507301120575833, 3.281227195617978, 3.700459427976321, -6.940691619326387
10, -4.5919836714163305, 4.365658625282884, 0.9816386043169141, -9.816746878553529
20, -11.628500782625155, 1.0577017237803708, -8.569120216264176, -12.783554468953453
30, -15.238749210073696, 0.9854199138503811, -12.655235416042945, -16.40478937525675
40, -19.314555348336256, 0.9847814739880753, -16.716530081287722, -22.00016298517732
50, -23.778278791287583, 0.937282364350481, -21.1215295222062, -25.805314736068425
60, -28.27774666636522, 0.8445872249155477, -25.680828786347966, -32.51114670529635
70, -32.530589027884204, 0.7589488176720708, -30.112373268569254, -34.696670146206095
80, -36.37394042982402, 0.6546690687701155, -34.210516290481756, -38.587265919422336
90, -39.58617520085775, 0.5493583574954901, -37.800454787026425, -41.711394596577485
100, -41.91999608825904, 0.4172262647296724, -40.635986330931665, -44.09052643348047
110, -43.053893885025445, 0.25357313393422215, -42.46305306499159, -44.73378260325711
120, -42.57376111242756, 0.1678498044923014, -42.35438279320058, -43.72325400814084
130, -40.010312584346046, 0.4514535793438253, -39.64843404308585, -41.49971938898036
140, -35.04293655807049, 0.9049410433781484, -34.48369680100627, -37.72116273434097
150, -27.58355730018259, 1.400856272663511, -26.620141157076066, -31.354316625721115
160, -18.260483005060742, 2.0458422209749045, -16.53133687559717, -22.51684458798755
170, -8.01958296769428, 2.440847901107459, -1.9860555994201834, -11.771366413240345
