-0.01, -25.790939992117085, 1.6848807492592048, -22.20091353689642, -30.867529010761167
-0.0092, -22.05897644259485, 2.0763173464303453, -19.193760144241462, -30.39617275660037
-0.0084, -19.058188150767762, 2.110812483315468, -16.65838705863501, -29.091214942998317
-0.0076, -16.41802524918239, 1.969214777864845, -14.42514219044098, -27.229716087804942
-0.0068000000000000005, -14.072868904766672, 1.726378224224732, -12.443142920452479, -24.974169639275903
-0.006, -11.98527657580646, 1.4420589090564517, -10.644020435568335, -22.49229368561355
-0.0052, -10.087063935726203, 1.1686454336876118, -8.94077940692201, -19.77713741287893
-0.0044, -8.289378798575996, 0.9265583054378024, -7.2738082685989776, -16.75613787175837
-0.0036, -6.548726952498106, 0.7105907044501224, -5.633057916116893, -13.559702352587648
-0.0027999999999999995, -4.849735013474151, 0.5344940596056552, -4.007555958110982, -10.264874503177573
-0.002, -3.1780359848799464, 0.3961027504591941, -2.3805879603471296, -6.837175890410905
-0.0011999999999999997, -1.4997745347675113, 0.32710848822887395, -0.7492738777081338, -5.023755097727846
-0.0003999999999999993, -0.004408196956631398, 0.5575472429147124, 1.7680508731177056, -1.6761068124162912
0.00040000000000000105, 1.506166710285368, 0.32053127133027937, 5.034477399179758, 0.781929080443662
0.0011999999999999997, 3.180891028709779, 0.3786802149291855, 6.813508666363033, 2.397282303371459
0.002, 4.851875697479008, 0.5077501722375004, 10.300791674195155, 4.005189763658002
0.0028000000000000004, 6.548730975474516, 0.6816760571696686, 13.590281962054085, 5.626996357769614
0.0036000000000000008, 8.290442082590578, 0.8936256372645912, 16.695754494569616, 7.267913600171
0.004400000000000001, 10.088048985006575, 1.1346185621344205, 19.72647047249035, 8.936568675495316
0.0052, 11.988248030212347, 1.4171945224416052, 22.50077548986643, 10.64202444864728
0.006, 14.07663638237402, 1.707315821400554, 24.98613366420005, 12.440599336807947
0.006800000000000002, 16.429352966785792, 1.954550587586138, 27.218988414801622, 14.42366614816143
0.007600000000000001, 19.082836439235507, 2.103971322864334, 29.058533237401697, 16.660331023602097
0.0084, 22.08473603378515, 2.06545106381038, 30.380397833971696, 19.202338425899036
0.009200000000000002, 25.77941187744136, 1.6806080063042366, 30.69081099705694, 22.223643425070392
