-0.01, -33.18891473596381, 3.2177376407016474, -27.207857692860124, -43.98641393667244
-0.0092, -27.132907402556796, 3.8664807354181314, -22.639530388671634, -44.72135006966196
-0.0084, -22.580068023648938, 3.7631335619086994, -19.127895336564247, -43.687885167089135
-0.0076, -18.90385016443924, 3.293082257236479, -16.297160678900582, -41.665545008952385
-0.0068000000000000005, -15.919328240709687, 2.6994671117098483, -13.951511683287057, -38.706197299598074
-0.006, -13.425578580151692, 2.1372868697251945, -11.867759999914492, -35.27625672269489
-0.0052, -11.21975511402384, 1.669445433183149, -9.90211186281501, -31.209762584290306
-0.0044, -9.150175546358097, 1.2731983527168589, -8.014616614824552, -26.520103112743598
-0.0036, -7.1766202039415505, 0.9058636330808321, -6.181119383257052, -21.78822495330635
-0.0027999999999999995, -5.275075901356378, 0.5851100258441418, -4.389057140160888, -16.443889575239066
-0.002, -3.423560177930895, 0.3414613944775858, -2.609849759862411, -11.063534554994986
-0.0011999999999999997, -1.559510064860532, 0.1970432413836497, -0.8206660417326593, -5.242756258519199
-0.0003999999999999993, -0.00879434127470975, 0.47870621820809034, 2.927195222776124, -2.838474481071604
0.00040000000000000105, 1.5695940914716995, 0.20264814697874653, 5.268537776358106, 0.862601517007588
0.0011999999999999997, 3.432042436401055, 0.35172272854633096, 11.055716614678484, 2.609315053688771
0.002, 5.287546543606062, 0.6112845300446671, 16.45745803002012, 4.372285352040645
0.0028000000000000004, 7.195040540362313, 0.9388367485525297, 21.80140291424656, 6.166768244831918
0.0036000000000000008, 9.173204941759478, 1.3123256125209313, 26.691654994651014, 7.998725223258694
0.004400000000000001, 11.252609716207148, 1.7227081890699703, 31.199827013030735, 9.888004067166602
0.0052, 13.47476927328026, 2.1967024846578362, 35.2758315229495, 11.854361481514767
0.006, 15.986839824011323, 2.762901673938378, 38.71167529173361, 13.933707731322476
0.006800000000000002, 18.990524509325507, 3.3559797847523205, 41.528726495244, 16.2865227244686
0.007600000000000001, 22.686574316484045, 3.808729488942462, 32.37703570334772, 19.11698761851253
0.0084, 27.202718026767105, 3.884154953974568, 35.24076581341719, 22.645094131870394
0.009200000000000002, 33.28540421641954, 3.1701112605843234, 38.32049375476901, 27.23671108332938
