-0.01, -30.327686653451185, 2.7764481625236703, -25.141915691097203, -34.708720029658664
-0.0092, -24.963270124313805, 3.2827504605095776, -21.11572155230222, -31.9436897349928
-0.0084, -20.974707946921555, 3.1681384251841282, -18.001630993043737, -33.53560574365751
-0.0076, -17.74663421767893, 2.7944063086033464, -15.461018016469978, -37.75254109316219
-0.0068000000000000005, -15.080152092551694, 2.3220579744162344, -13.321082393617276, -35.37268926131818
-0.006, -12.817893733777394, 1.861013068431176, -11.392832336175807, -32.275102861381924
-0.0052, -10.778395822279744, 1.4714275551179143, -9.553143636468317, -28.725858766326812
-0.0044, -8.840316963183954, 1.1370407354360337, -7.762060624452288, -24.800651561146463
-0.0036, -6.97137199746516, 0.8272597047913615, -6.004812864032808, -20.371828849924203
-0.0027999999999999995, -5.151479706415769, 0.555827990578396, -4.271046227139204, -15.46795269331483
-0.002, -3.362757126140684, 0.3521470780995014, -2.538813862291825, -10.425094100640974
-0.0011999999999999997, -1.5482808453962724, 0.23028141635394087, -0.7987274816947598, -4.898223974137645
-0.0003999999999999993, -0.010944426486571455, 0.49978044721037684, 2.6893123844115663, -2.5775356049735425
0.00040000000000000105, 1.5565370478299558, 0.23170045166743414, 4.8808648172337605, 0.8389945822897529
0.0011999999999999997, 3.3683408257651335, 0.3444684652349466, 10.403002722880132, 2.5548231046646674
0.002, 5.156947607587307, 0.5558373143362645, 15.442052095449345, 4.269928676540446
0.0028000000000000004, 6.981946738188987, 0.8309481862503633, 20.159512874716707, 6.002032814251484
0.0036000000000000008, 8.85429215480852, 1.1458109279868571, 24.584609689214304, 7.7600144019144315
0.004400000000000001, 10.795059785949793, 1.4914411663037466, 28.743855093363077, 9.554391935469125
0.0052, 12.837430865088425, 1.8802170120155683, 32.28483197386348, 11.394293625731056
0.006, 15.108871657704425, 2.330546969650098, 35.329555618020095, 13.318795049715797
0.006800000000000002, 17.78026547377838, 2.8090376421029677, 36.984150826703356, 15.462415033033661
0.007600000000000001, 21.03039986126117, 3.1882450779389573, 29.185186875424225, 18.00589447709078
0.0084, 25.012814263393157, 3.2813199269954643, 31.797966195804875, 21.13064520505624
0.009200000000000002, 30.363718533870394, 2.746212822907572, 34.70687730671555, 25.15826628067613
