-0.01, -35.812829868758286, 3.783521380609041, -29.387384403076346, -40.86628853512881
-0.0092, -28.977193242281206, 4.320360375326462, -24.51895543761001, -37.854272376633624
-0.0084, -24.15483368276471, 4.024053773827761, -20.907037830756053, -34.88422407008111
-0.0076, -20.378682363087563, 3.405401800439942, -18.011094066024125, -32.04533547633396
-0.0068000000000000005, -17.37927399127864, 2.804288953455118, -15.54133252955766, -28.98837189007785
-0.006, -14.812196298440105, 2.27875592758336, -13.279299758560969, -25.922945355001342
-0.0052, -12.462332279351509, 1.844962977692652, -11.120579658275929, -22.80891570843364
-0.0044, -10.225478310017019, 1.4273731370131664, -9.022225697738254, -19.587287254359406
-0.0036, -8.068232246639758, 1.0486111530072098, -6.974152880893479, -16.120049472976202
-0.0027999999999999995, -5.957101076673787, 0.6829846310014506, -4.959278350030823, -14.701196128674182
-0.002, -3.886930360198384, 0.3876234536044951, -2.950617124837641, -17.01913319919073
-0.0011999999999999997, -1.7814472957074061, 0.17980686282922637, -0.927417551745671, -8.08407072383114
-0.0003999999999999993, -0.005824579767804647, 0.358381318444257, 2.4412528279078627, -2.517818368609334
0.00040000000000000105, 1.7898056049779112, 0.16899070913491887, 7.953982289435372, 0.9842246969053335
0.0011999999999999997, 3.8929576197424383, 0.38595985545951284, 10.530400390342777, 2.964679540815683
0.002, 5.962494782793089, 0.6788917086998968, 11.998102955312742, 4.956117126143583
0.0028000000000000004, 8.069721460545306, 1.0387851136350654, 16.11331783507721, 6.97197460176509
0.0036000000000000008, 10.233729280991858, 1.4328476471373472, 19.578829544563945, 9.02139100279745
0.004400000000000001, 12.47749150444083, 1.8458243577342215, 22.80823769820356, 11.121255612320839
0.0052, 14.837733607146998, 2.311793608362956, 25.879202606353303, 13.282453148288791
0.006, 17.42893368245102, 2.8507097379959827, 28.767816009086342, 15.538361878033408
0.006800000000000002, 20.45311357745967, 3.455462253958857, 31.657734357359036, 18.0127756023958
0.007600000000000001, 24.19654315686234, 4.025604914031894, 34.8570443955472, 20.90916371516952
0.0084, 29.047698791176312, 4.296222000638833, 37.71516489427343, 24.555146488223134
0.009200000000000002, 35.90276406289411, 3.738720417564577, 40.78711000597469, 29.44925141874209
